
RsvzpAsv
’ z227 (4,1,0,1, 
227 (0,1,0,72, 
227 (0,1,0,7, 
227 (0,1,1,0, 
227 (0,1,0,0, 
227 (0,1,0,2, 

227 (0,1,0,0, 
227 (0,1,0,0, 
227 (0,1,0,0, 
227 (0,1,0,72, 
227 (0,1,0,0, 
227 (0,3,0,1, 
227 (0,1,0,0, 
227 (0,1,0,02, 
227 (0,1,0,0, 
227 (0,1,0,2, 

227 (0,1,0,02, 
227 (0,1,0,0, 
227 (0,1,0,0, 
227 (0,1,0,7, 
227 (0,1,0,0, 
227 (0,3,0,1, 
227 (0,1,0,2, 
227 (0,1,0,0, 
227 (0,1,0,0, 
227 (0,1,0,2, 

227 (0,1,0,0, 
227 (0,1,0,0, 
227 (0,1,0,0, 
227 (0,1,0,7, 
227 (0,1,1,0, 
227 (0,0,0,1, 
