
RsvzpAsv
ÕÊz
227 27 (0,1,2,1,,
2021,,
227 (0,1,2,1,,
227 (0,1,2,1,,
227 (0,1,2,1,,
227 (0,1,2,1,,
227 (0,1,2,1,,
227 (0,1,2,1,,
227 (0,1,2,11,,
227 (0,1,2,1,,
227 (0,1,2,1,,
227 (0,1,2,1,,
227 (0,1,3,1,,
227 (0,1,2,1,,
227 (0,1,2,1,,
227 (0,1,2,1,,
227 (0,0,2,1,,
227 (0,1,2,1,,
227 (0,1,2,1,,
227 (0,1,2,1,,
227 (0,1,2,1,,
2,1,,
227 (0,1,2,1,,
227 (0,1,2,0,,
227 (0,1,2,1,,
227 (0,1,2,1,,
227 (0,1,2,2,,
227 (0,1,2,1,,
227 (0,1,12,1,,
227 (0,1,2,1,,
227 (0,1,2,1,,,
227 (0,1,2,1,,
227 (0,1,2,1,,
227 (0,1,2,1,,
227 (0,1,2,1,,
227 (0,1,2,1,,
227 (0,1,2,1,,
227 (0,1,2,0,,
227 (0,2,2,1,,
227 (0,1,2,1,,
227 (0,1,2,1,,
227 (0,1,2,1,,
227 (0,1,2,1,,
227 (0,1,2,1,,
227 (0,1,2,1,,
227 (0,1,2,11,,
227 (0,1,2,1,,
227 (0,1,2,1,,
227 (0,0,2,1,,
227 (0,1,2,1,,
227 (0,1,2,1,,
227 (0,1,2,1,,
227 (0,1,2,1,,
2,1,,
227 (0,1,2,1,,
227 (0,1,2,0,,
227 (0,1,2,1,,
227 (0,1,2,1,,
227 (0,1,2,1,,
227 (0,1,2,1,,
227 (0,1,2,1,,
227 (0,1,2,1,,
227 (0,1,2,1,,
227 (0,1,2,1,,
227 (0,1,2,1,,
227 (0,1,2,1,,
227 (0,1,2,1,,
227 (0,1,2,1,,
227 (0,1,2,1,,

227 (0,1,2,1,,
227 (0,1,2,1,,
227 (0,1,1,1,,
227 (0,1,2,1,,
227 (0,1,2,1,,
227 (0,1,2,0,,
227 (0,1,2,1,,
202,1
227 (0,1,2,0,,
227 (0,1,2,1,,
227 (0,1,2,1,,
227 (0,1,2,1,,
227 (0,1,2,1,,
227 (0,1,2,11,,
227 (0,1,2,1,,
227 (0,1,2,1,,
227 (0,1,2,1,,
2
227 (0,1,2,1,,
227 (0,1,2,1,,
227 (0,1,2,1,,
227 (0,0,2,1,,
227 (0,1,2,1,,
227 (0,1,2,1,,
227 (0,1,2,1,,
227 (0,1,2,1,,
2,1,,
227 (0,1,2,1,,
227 (0,1,2,0,,
227 (0,1,2,1,,
227 (0,1,2,1,,,
227 (0,1,2,1,,
2ÿþ
227 (0,1,2,1,,
227 (0,1,2,0,,
227 (0,1,2,1,,
227 (0,0,2,1,,
227 (0,1,2,1,,
227 (0,1,2,1,,
227 (0,1,2,1,,
227 (0,1,2,1,,
2,1,,
227 (0,1,2,1,,
227 (0,1,2,0,,
227 (0,1,2,1,,
227 (0,1,2,1,,
227 (0,1,2,1,,
227 (0,1,2,1,,
227 (0,1,2,1,ÿ27 ,,
227 (0,1,2,1,,
227 (0,1,2,1,,
227 (0,1,2,1,,
227 (0,1,2,1,,
227 (0,1,2,1,,
227 (0,1,2,1,,
227 (0,1,2,1,,
227 (0,1,2,1,,
227 (0,1,2,1,,,
227 (0,1,2,1,,
227 (0,1,2,1,,
227 (0,1,2,1,,
227 (0,1,2,1,,
227 (0,1,2,11,,
227 (0,1,2,1,,
227 (0,1,2,1,,
227 (0,1,2,1,,
1,,
227 (0,1,0,0,~5
