/ypAsv
z227 (0,0,0,5,0,5)
227 (0,5,0,5,0,5)
227 (0,0,0,5,0,5)
227 (0,0,0,5,0,5)
227 (0,0,0,5,0,5)
227 (0,0,0,5,0,5)
227 (0,0,0,5,0,5)
227 (0,0,0,5,0,5)
227 (0,0,1,5,0,5)
227 (2,0,0,5,0,1)
227 (0,0,0,5,0,0)
227 (0,0,0,5,0,5)
227 (0,1,0,5,0,5)
227 (0,0,0,5,0,5)
227 (0,0,0,5,0,5)
227 (0,0,0,5,0,3)
227 (0,0,0,5,0,5)
227 (0,0,0,5,0,5)
227 (0,0,0,5,0,5)
227 (1,0,0,5,0,5)
227 (0,0,0,5,0,5)
227 (0,0,0,1,0,5)
227 (0,0,0,8,0,5)
227 (0,0,0,5,0,5)
227 (0,0,0,5,0,5)
227 (0,0,1,5,0,5)
227 (0,0,0,5,0,5)
227 (0,0,0,5,0,5)
227 (0,0,1,5,1,5)
227 (0,0,0,5,0,5)
227 (0,0,0,5,0,5)
227 (0,1,0,5,0,5)
