
WiCEpsv
’ z229 |||229229
229 |||2922292
229 |||92292
229 |||92292
229 |||92292
229 |||92292
229 |||92292
229 |||92292292
229 |||92292
229 |||92292
229 |||92292
229 |||92292
229 |||92292
229 |||92292
229 |||92292
229 |||92292
229 |||92292
229 |||92292
229 |||92292
229 |||92292
229 |||92292
229 |||92292
229 |||92292
229 |||92292
229 |||92292
229 |||92292
229 |||92292
229 |||92292
229 |||92292
229 |||92292
229 |||92292
229 |||92291
229 |||92292
229 |||92292
229 |||92292
229 |||92292
229 |||92292
229 |||92292
229 |||92292
229 |||92292
229 |||92292
229 |||92292
229 |||92292
229 |||92292
229 |||92292
229 |||92292
229 |||92292
229 |||92292
229 |||92292
229 |||92292
229 |||92292
229 |||92292
229 |||92292
229 |||92292
229 |||92292
229 |||92292
229 |||92292
229 |||92292
229 |||92292
229 |||92292
229 |||92292
229 |||92292
229 |||92292
229 |||92292
229 |||92292
229 |||92292
229 |||92291
229 |||92292
229 |||92292
229 |||92292
229 |||92292
229 |||92292
229 |||92292
229 |||92292
229 |||92292
229 |||92292
229 |||92292
229 |||92292
229 |||92292
229 |||92292
229 |229 |||92292
229 |||92292
229 |||92292
229 |||92292
229 |||92292
229 |||92292
229 |||92292
229 |||92292
229 |||92292
229 |||92292
229 |||92292
229 |||92292
229 |||92292
229 |||92292
229 |||92292
229 |||92292
229 |||92292
229 |||92292
229 |||92292
229 |||92292
229 |||92292
229 |||922992292
229 |||92292
229 |||92292
229 |||92292
229 |||92292
229 |||92292
229 |||92292
229 |||92292
229 |||92292
229 |||92292
229 |||92292
229 |||92292
229 |||92292
229 |||92292
229 |||92292
229 |||92292
229 |||92292
229 |||92292
229 |||92292
229 |||92292
229 |||92292
229 |||92292
229 |||92292
229 |||92292
229 |||229262
229 |||229229
229 |||229222
