RsvzpAsv
ÕÊzÿÿ,0,4
227 (0,00,1,0,0,520
227 (0,0,5,0,0,524,24
227 (0,00,0,0,0,524
227 (0,00,4,0,0,524
227 (0,0,0,0,20,5224
227 (0,0,0,0,0,2210
227 (0,0,5,0,0,524
227 (0,00,0,0,2,504
524
227 (0,00,0,0,0,524
227 (0,0,0,0,20,524
227 (0,0,5,0,0,524
227 (0,0,0,0,0,2210
227 (0,00,0,0,2,504
227 (0,04,0,0,2,2227ñ2
227 (0,0,0,0,0,521
227 (0,00,0,0,0,5210
227 (0,0,5,0,0,524
227 (0,00,0,0,2,504
227 (0,05,0,0,2,520,07
227 (0,00,0,0,0,5227
227 (0,0,0,0,0,521
227 (0,00,0,0,0,5210
227 (0,0,5,0,0,524
227 (0,00,0,0,2,504
227 (0,04,0,0,2,522
227 (0,00,0,0,0,5274
227 (0,0,0,0,2,5248
227 (0,0,0,0,0,2210
227 (0,0,5,0,0,524
227 (0,0,0,1,2,504
227 (0,4,0,0,2,522
227 (0,0,0,0,0,527
227 (0,00,0,0,0,524
227 (0,00,0,0,0,524
227 (0,00,0,0,0,524
227 (0,0,0,0,20,5224
227 (0,0,0,7,0,2210
227 (0,0,5,0,0,524
227 (0,00,0,0,0,525
227 (0,00,0,1,0,524
227 (0,0,0,0,20,5224
227 (0,0,0,0,0,2210
227 (0,0,5,0,0,524
227 (0,00,0,0,2,504
227 (0,04,0,0,2,52227,42
227 (0,0,0,0,0,521
227 (0,00,0,0,0,5210
227 (0,0,5,0,0,524
227 (0,00,0,1,2,504
227 (0,04,0,0,2,504
227 (0,04,0,0,2,522
227 (0,00,0,0,0,527
227 (0,00,0,0,0,521
227 (0,00,0,0,0,524
227 (0,00,0,0,0,524
227 (0,0,0,0,20,522
227 (0,0,0,0,0,2210
227 (0,0,5,0,0,524
227 (0,00,0,0,0,524
227 (0,00,0,0,0,524
227 (0,0,0,0,20,524
227 (0,0,0,0,0,2210
227 (0,0,5,0,0,524
227 (0,00,0,0,2,503
227 (0,04,0,0,2,542
227 (0,0,0,0,0,521
227 (0,00,0,0,0,510
227 (0,0,5,0,0,524
227 (0,00,0,0,2,504
227 (0,04,0,0,2,522
227 (0,00,0,0,0,5274
227 (0,0,0,0,2,5248
227 (0,0,0,0,0,2210
227 (0,0,5,0,0,524
227 (0,00,0,1,2,504
227 (0,04,0,0,2,522
227 (0,0,0,0,0,527
227 (0,00,0,0,0,525
227 (0,00,0,0,0,524
227 (0,00,0,0,0,524
227 (0,0,0,0,20,5224
227 (0,0,0,7,0,2210
227 (0,0,5,0,0,524
227 (0,00,0,0,0,525
227 (0,00,0,0,0,524
227 (0,0,0,0,20,5224
227 (0,0,0,0,0,2210
227 (0,0,5,0,0,524
227 (0,1,0,0,2,504
227 (0,04,0,0,2,52227,42
227 (0,0,0,0,0,521
227 (0,00,0,0,0,5210
227 (0,0,5,0,0,524
227 (0,00,0,1,2,504
227 (0,04,0,0,2,504
227 (0,04,0,0,2,522
227 (0,00,0,0,0,527
227 (0,00,0,0,0,521
227 (0,00,0,0,0,524
227 (0,00,0,0,0,524
227 (0,0,0,0,20,5224
227 (0,0,0,0,0,2210
227 (0,0,5,0,0,524
227 (0,00,0,0,0,524
227 (0,00,0,0,0,524
227 (0,0,0,0,20,524
227 (0,0,0,0,0,2210
227 (0,0,5,0,0,524
227 (0,00,0,0,2,503
227 (0,04,0,0,2,542
227 (0,0,0,0,0,521
227 (0,00,0,0,0,5210
227 (0,0,5,0,0,524
227 (0,3,0,1,2,504
227 (1,2,0,0,2,522
227 (0,00,0,0,0,570,0,2
227 (0,0,0,0,0,521
227 (0,00,0,0,0,521
227 (0,0,50,1,2,504
227 (1,2,0,0,2,522
227 (0,00,0,0,0,570,0,2
227 (0,0,0,0,0,521
227 (0,00,0,0,0,521
227 (0,0,5,0,1,524
227 (0,00,0,1,2,504
227 (0,000,0,0,0,527
227 (0,00,0,0,0,524
227 (0,0,0,0,0,527
