qÿºÕÊz1411
1148
114:
114:
1142
1174
1174
1411
1448
1141
1149
1142
1142
1475
14448
1141
1149
1142
1141
1149
1142
1142
1174
1174
1411
1448
1141
1149
1142
1142
1149
1142
1142
1174
1174
1411
1448
1141
1149
1142
1142
1475
1411
1148
1114:
1142
1174
1174
1174
1174
1411
1448
1141
1149
1142
1142
1475
1411
1148
114:
1142
1174
1174
1411
1448
1141
1149
1142
1475
1411
1148
1141
1174
1174
1411
1448
11411
1148
1141
1148
1144
1
1475
1411
1148
1111
1142
1174
1174
1411
1448
1141
1149
1142
1475
1411
1148
1141
1174
1174
1411
1448
1141
1149
1142
1142
1472
1411
1148
1141
1148
1448
1141
1149
1142
1142
1475
1411
1148
1141
1148
1144
1148
1143
1814
1296
1475
1896
1118
