
WWEpsv
’ z229 ||| 
229 ||| 
229 ||| 
229 ||| 
229 ||| 
229 ||| 
229 ||| 
229 ||| 
229 ||| 
2 |||
229 ||| 
|
229 ||| 
229 ||| 
229 ||| 
229 ||| 
229 ||| 
|
229 ||| 
229 ||| 
229 ||| 
229 ||| 
229 ||| 
229 ||| 
229 ||| 
229 ||| 
229 ||| 
229 ||| 
229 z||| 
229 ||| 
229 ||| 
229 ||| 
229 ||| 
|
229 ||| 
229 ||| 
229 ||| 
229 ||| 
229 ||| 
229 ||| 
229 ||| 
229 ||| 
229 ||| 
229 22||| 
229 ||| 
229 ||| 
229 ||| 
229 ||| 
229 ||| 
229 ||| 
229 |29 ||| 
229 ||| 
229 ||| 
229 ||| 
229 |||  
229 ||| 
}| 
229 ||| 
229 ||| 
229 ||| 
229 ||| 
229 ||| 
229 ||| 
229 ||| 

229 ||| 
229 ||| 
229 ||| 
229 ||| 
|
229 ||| 
229 ||| 
229 ||| 
229 ||| 
229 ||| 
229 ||| 
229 ||| 
229 ||| 
229 ||| 
229 ||| 
229 z||| 
| 
229 ||| 
229 ||| 
229 ||| 
229 ||| 
|
229 ||| 
229 ||| 
229 ||| 
229 ||| 
229 ||| 
229 ||| 
229 ||| 
229 ||| 
229 ||| 
229 ||| 
229 z||| 
229 ||| 
229 ||| 
229 ||| 
229 ||| 
|
229 ||| 
229 ||| 
229 ||| 
229 ||| 
229 ||| 
229 ||| 
229 ||| 
229 ||| 
229 ||| 
229 22||| 
229 ||| 
229 ||| 
229 ||| 
229 ||| 
229 ||| 
229 ||| 
229 | ||| 
229 ||| 
|
229 ||| 
229 ||| 
229 ||| 
229 ||| 
229 ||| 
229 ||| 
229 ||| 
229 ||| 
229 ||| 
229 ||| 
229 ||| 
| 
229 ||| 
22 |||
229 $||| 
229 ||| 

229 ||| 
229 ||| 
229 ||| 
22