RsvzpAsv
’ z
227 (0,0,0,0,0,522
227 (0,0,0,1,0,527
227 (0,0,0,0,0,522
227 (0,0,0,0,0,524
227 (0,0,0,0,1,524
227 (0,0,0,0,2,524
227 (0,0,0,0,0,2210
227 (0,0,5,0,0,524
227 (0,0,0,0,2,521
227 (0,0,2,0,0,527
227 (0,0,0,1,0,527
227 (0,0,0,0,0,522
227 (0,0,0,0,0,524
227 (0,0,0,0,1,524
227 (0,0,0,0,0,540
227 (0,0,0,0,0,527
227 (0,0,0,1,0,527
227 (0,0,0,0,0,521
227 (0,0,0,0,0,524
227 (0,0,0,1,0,527
227 (0,0,0,0,0,521
227 (0,0,0,0,0,524
227 (0,0,0,0,1,524
227 (0,0,0,0,20,524
227 (0,0,0,0,0,527
227 (0,0,5,0,0,524
227 (0,0,0,0,2,521
227 (5,0,0,0,0,527
227 (0,0,0,0,0,524
227 (0,0,0,0,0,527
227 (0,0,0,0,0,524
227 (0,0,0,0,0,522
