j|||pAsv
’ z227 (1,0,
227 (0,0,
227 (0,0,
227 (1,0,
227 (0,0,
227 (0,0,
227 (0,0,
227 (5,0,
227 (0,1,
227 (1,0,
227 (1,0,
227 (1,0,
227 (1,0,
227 (0,0,
227 (0,0,
227 (0,1,
227 (0,0,
227 (0,1,
227 (5,0,
227 (0,0,
227 (0,0,
227 (0,1,
227 (5,0,
227 (0,0,
227 (1,0,
227 (1,0,
227 (1,0,
227 (1,0,
227 (0,0,
0
227 (0,1,
227 (5,0,
227 (2,0,
227 (0,0,
227 (1,0,
227 (1,0,
227 (5,0,
227 (1,0,
227 (0,0,
227 (0,0,
227 (1,0,
227 (0,0,
227 (0,1,
227 (5,0,
227 (1,0,
227 (1,0,
227 (0,0,
227 (1,0,
227 (0,0,
227 (1,0,
227 (2,0,
227 (1,0,
227 (0,1,
227 (0,1,
227 (0,0,
227 (1,0,
227 (0,0,
227 (1,0,
227 (1,1,
227 (1,0,
22
227 (1,0,
227 (0,1,
227 (0,0,
227 (0,0,
227 (5,0,
227 (0,0,
227 (1,0,
227 (1,0,
227 (1,0,
227 (1,0,
227 (0,0,
227 (0,0,
227 (0,1,
227 (0,0,
227 (0,1,
227 (5,0,
227 (0,0,
227 (2,0,
227 (1,0,
227 (1,0,
227 (0,0,
227 (0,0,
227 (1,0,
227 (1,0,
227 (1,0,
227 (0,0,
227 (2,0,
227 (1,0,
227 (1,0,
227 (1,0,
227 (1,0,
227 (1,0,
227 (0,0,
227 (1,0,
227 (1,0,
227 (1,0,
227 (0,0,
227 (1,0,
227 (1,0,
227 (0,0,
227 (0,0,
227 (0,0,
227 (0,0,
227 (5,0,
227 (1,0,
227 (0,0,
227 (0,0,
227 (0,1,
227 (1,0,
227 (1,0,
227 (0,0,

227 (0,0,
227 (0,0,
227 (1,0,
227 (0,0,
227 (0,0,
227 (0,0,
227 (5,0,
227 (0,0,
227 (1,0,
,
227 (0,0,
227 (0,1,
227 (5,0,
227 (0,0,
227 (0,0,
227 (0,1,
227 (5,0,
227 (0,0,
227 (1,0,
