
RsvzpAsv
’ z227 (0,9,0,0,300
227 (2,5,2,0,846
227 (2,5,2,0,846
227 (2,5,2,0,846
227 (2,5,2,0,846
227 (2,5,2,0,846
227 (2,5,2,0,846
227 (2,5,2,0,846
227 (2,5,2,0,846
227 (2,5,2,0,846
227 (2,5,2,0,846
227 (2,5,2,0,846
227 (2,5,2,0,846
227 (2,5,2,0,846
227 (2,5,2,0,846
227 (2,5,0,0,846
227 (2,5,2,0,846
227 (2,5,2,0,846
227 (2,5,2,0,846
227 (2,5,2,0,846
227 (2,5,2,0,846
227 (2,5,0,60,423
227 (2,5,2,0,846
227 (2,5,2,0,846
227 (2,5,2,0,846
227 (2,5,2,0,846
227 (2,5,2,0,846
227 (2,5,2,0,846
227 (2,5,2,0,846
227 (2,5,2,0,846
227 (2,5,2,0,846
227 (2,5,2,0,846
227 (5,5,2,0,846
227 (2,5,2,0,846
227 (1,5,2,0,846
227 (2,5,2,0,846
227 (2,5,2,0,846
227 (2,5,2,0,846
227 (2,1,2,0,846
227 (2,5,2,0,846
227 (2,5,2,0,846
227 (2,5,2,0,846
227 (1,5,2,0,846
227 (2,5,2,0,846
227 (2,5,2,0,846
227 (2,5,2,0,846
227 (2,5,2,0,846
227 (2,5,2,0,846
227 (2,5,2,0,846
227 (2,5,2,0,846
227 (2,5,2,0,846
227 (2,5,2,0,844
227 (2,5,2,0,846
227 (2,5,2,0,846
227 (2,1,2,0,846
227 (2,5,2,0,846
227 (2,5,2,0,846
227 (1,5,2,0,846
227 (2,5,2,0,846
227 (2,5,2,0,846
227 (2,5,2,0,846
227 (2,5,2,0,846
227 (2,5,2,0,846
227 (2,5,2,0,846
227 (2,5,2,0,846
227 (2,5,2,0,846
227 (2,5,2,0,846
227 (2,5,2,0,846
227 (2,5,2,0,846
227 (2,5,2,0,846
227 (2,5,2,0,846
227 (2,5,2,0,846
227 (2,5,2,0,846
227 (2,5,2,0,846
227 (2,5,2,0,846
227 (2,5,2,0,846
227 (2,5,2,0,846
227 (2,5,2,0,846
227 (2,5,2,0,846
227 (2,5,2,0,846
227 (2,5,2,0,846
227 (0,5,2,0,846
227 (2,5,2,0,846
227 (2,5,3,0,846
227 (2,5,2,0,846
227 (2,5,2,0,846
227 (2,5,2,0,846
227 (2,5,2,0,846
227 (2,5,2,0,846
227 (2,5,2,1,846
227 (2,5,2,0,846
227 (2,5,2,0,846
227 (2,1,2,0,846
227 (2,5,2,0,846
227 (2,5,2,0,846
227 (2,5,2,0,846
227 (2,5,2,0,846
227 (2,5,2,0,846
227 (2,5,2,0,846
227 (2,5,2,0,846
227 (2,5,2,0,846
227 (2,5,2,0,846
227 (2,5,2,0,846
227 (2,5,3,0,8446
227 (2,5,2,0,846
227 (2,5,2,0,846
227 (2,5,2,0,846
227 (2,5,2,0,846
227 (2,5,2,0,846
227 (2,5,1,0,846
227 (2,5,2,0,846
227 (2,5,2,0,846
227 (2,5,3,0,846
227 (2,5,2,0,846
227 (2,7,1,0,846
227 (2,5,2,0,846
227 (2,5,2,0,846
227 (2,5,2,0,846
227 (2,0,2,0,846
227 (0,5,2,0,846
227 (2,5,2,0,846
227 (2,2,1,0,846
227 (0,9,0,0,300
227 (0,9,0,0,300
227 (0,1,2,0,846
227 (0,9,0,0,451
227 (0,9,0,0,451
227 (0,9,0,0,426
