24* pAsv
’ z227 
227 
227 
227 
227 
227 
227 
227 
227 
227 
227 
227 
227 
227 
227 
227 
227 
227 
227 
227 
227 
227 
227 
227 
227 
227 
227 
227 
227 
227 
227 
227 
227 
227 
227 
227 
227 
227 
227 
227 
227 
227 
227 
227 
227 
227 
227 
227 
227 
227 
227 
227 
227 
227 
227 
227 
227 
227 
227 
227 
227 
227 
227 
227 
227 
227 
227 
227 
227 
227 
227 
227 
227 
227 
227 
227 
227 
227 
227 
227 
227 
227 
227 
227 
227 
227 
227 
227 
227 
227 
227 
227 
227 
227 
227 
227 
227 
227 
227 
227 
227 
227 
227 
227 
227 
227 
227 
227 
227 
227 
227 
227 
227 
227 
227 
227 
227 
227 
227 
227 
227 
227 
227 
227 
227 
227 
227 
227 
