
RsvAsv
Rsv:pAsv
’ z227 (0,1,2,1,7 
A22,0,4 
227 (0,2,2,0,4 
227 (0,2,2,0,4 
227 (0,2,2,0,4 
227 (0,2,2,0,4 
227 (0,2,2,0,4 
227 (0,2,2,0,4 
227 (0,2,2,0,4 
227 (0,2,2,0,4 
227 (0,2,2,0,4 
227 (0,2,2,0,4 
227 (0,2,2,0,4 
227 (0,2,2,0,4 
227 (0,2,2,0,4 
227 (0,2,2,0,4 
227 (0,2,2,0,4 
227 (0,2,2,0,4 
227 (0,2,2,0,4 
227 (0,2,2,0,4 
227 (0,2,2,0,4 
227 (0,2,2,0,4 
227 (0,2,2,0,4 
227 (0,2,2,0,4 
227 (0,2,2,0,4 
227 (0,2,2,0,4 
227 (0,2,2,0,4 
227 (0,2,2,0,4 
227 (0,2,2,0,4 
227 (0,2,2,0,4 
227 (0,2,2,0,4 
227 (0,2,2,0,4 
227 (0,2,2,0,4 
227 (0,2,2,0,4 
227 (0,2,2,0,4 
227 (0,2,2,0,4 
227 (0,2,2,0,4 
227 (0,2,2,0,4 
227 (0,2,2,0,4 
227 (0,2,2,0,4 
227 (0,2,2,0,4 
227 (0,2,2,0,4 
227 (0,2,2,0,4 
227 (0,2,2,0,24 
227 (0,2,2,0,4 
227 (0,2,2,0,4 
227 (0,2,2,0,4 
227 (0,2,2,0,4 
227 (0,2,2,0,4 
227 (0,2,2,0,4 
227 (0,2,2,0,4 
227 (0,2,2,0,4 
227 (0,2,2,0,4 
227 (0,2,2,0,4 
227 (0,2,2,0,4 
227 (0,2,2,0,4 
227 (0,2,2,0,4 
227 (0,2,2,0,4 
227 (0,2,2,0,4 
227 (0,2,2,0,4 
227 (0,2,2,0,4 
227 (0,2,2,1,4 
227 (0,2,2,0,4 
227 (0,2,2,0,4 
227 (0,2,2,0,4 
227 (0,2,2,0,4 
227 (0,2,2,0,4 
227 (0,2,2,0,4 
227 (0,2,2,0,4 
227 (0,2,2,0,4 
227 (0,2,2,0,4 
227 (0,2,2,0,4 
227 (0,2,2,0,4 
227 (0,2,2,0,4 
227 (0,2,2,0,4 
227 (0,2,2,0,4 
227 (0,2,2,0,4 
227 (0,2,2,0,4 
227 (0,2,2,0,4 
227 (0,2,2,0,4 
227 (0,2,2,0,4 
227 (0,2,2,0,4 
227 (0,2,2,0,4 
227 (0,2,2,0,4 
227 (0,2,2,0,4 
227 (0,2,2,0,4 
227 (0,2,2,0,4 
227 (0,2,2,0,4 
227 (0,2,2,0,4 
227 (0,2,2,0,4 
227 (0,2,2,0,4 
227 (0,2,2,0,4 
227 (0,2,2,0,4 
227 (0,2,2,0,4 
227 (0,2,2,0,4 
227 (0,2,2,0,4 
227 (0,2,2,0,4 
227 (0,2,2,0,4 
227 (0,2,2,0,4 
227 (0,2,2,0,4 
227 (0,2,2,0,4 
227 (0,2,2,0,4 
227 (0,2,2,0,4 
227 (0,2,2,0,4 
227 (0,2,2,0,4 
227 (0,2,2,0,4 
227 (0,2,2,0,4 
227 (0,2,2,0,4 
227 (0,2,2,0,4 
227 (0,2,2,0,4 
227 (0,2,2,0,4 
227 (0,2,2,0,4 
227 (0,2,2,0,4 
227 (0,2,2,0,4 
227 (0,2,4,0,4 
227 (0,2,2,0,4 
227 (0,2,2,0,1 
227 (0,2,2,0,4 
227 (0,2,2,0,4 
227 (0,2,2,0,4 
227 (0,2,2,0,4 
227 (0,2,2,0,4 
227 (0,2,2,0,4 
227 (0,2,2,2,4 
2,Ω,0,4 
227 (0,2,2,0,4 
227 (0,2,2,0,4 
227 (0,2,2,1,4 
227 (0,2,1,0,4 
227 (0,2,2,0,4 
