
-!CEpsv
’ z229 |||9|),
229 |||9|)4
229 |||1|)4
229 |||9|)4
229 |||9|)4
229 |||9|)4
229 |||4|)4
229 |||9|)4
229 |||9|)4
229 |||9|)4
229 |||9|)4
229 |||9|)4
229 |||9|)4
229 |||9|)4
229 |||9|)4
229 |||9|)4
229 |||9|)4
229 |||2|)4
229 |||9|)4
229 |||9|)4
229 |||9|)4
229 |||9|)4
229 |||9|)4
229 |||9|)1
229 |||9|)4
229 |||9|)4
229 |||9|)4
229 |||9|)4
229 |||9|)4
229 |||9|)4
229 |||9|)4
229 |||9|)5
229 |||9|)4
229 |||9|)4
229 |||9|)4
229 |||9|)4
229 |||9|)4
229 |||9|)4
229 |||0|)4
229 |||9|)4
229 |||9|)4
229 |||9|)4
229 |||9|)4
229 |||9|)4
229 |||9|)4
229 |||9|)4
229 |||9|)4
229 |||4|)4
229 |||9|)4
229 |||9|)4
229 |||9|)4
229 |||8|)4
229 |||9|)4
229 |||9|)4
229 |||9|)4
229 |||9|)4
229 |||9|)4
229 |||9|)4
229 |||9|)4
229 |||9|)4
229 |||9|)4
229 |||9|)4
229 |||9|)4
229 |||9|)4
229 |||9|)1
229 |||9|)4
229 |||9|)4
229 |||9|)4
229 |||9|)4
229 |||9|)4
229 |||9|)4
229 |||9|)4
229 |||9|)4
229 |||9|)4
229 |||9|)4
229 |||9|)4
229 |||0|)4
229 |||9|)4
229 |||9|)4
229 |||9|)4
229 |||9|)4
229 |||9|)4
229 |||9|)4
229 |||9|)4
229 |||9|)1
229 |||9|)4
229 |||9|)4
229 |||9|)4
229 |||9|)4
229 |||9|)4
229 |||9|)4
229 |||9|)4
229 |||9|)4
229 |||9|)4
229 |||9|)4
229 |||9|)4
229 |||9|)4
229 |||9|)4
229 |||9|)4
229 |||9|)4
229 |||9|)4
229 |||9|)4
229 |||9|)4
229 |||9|)4
229 |||9|)4
229 |||9|)4
229 |||9|)4
229 |||9|)4
229 |||9|)4
229 |||9|)4
229 |||9|)4
229 |||9|)4
229 |||9|)4
229 |||9|)4
229 |||9|)4
229 |||9|)4
229 |||9|)4
229 |||9|)4
229 |||9|)4
229 |||9|)4
229 |||9|)4
229 |||9|)4
229 |||9|)4
229 |||9|)4
229 |||9|)4
229 |||9|)44
229 |||9|)o
229 |||8|)9
