/,5,0,pAsv
’ z22
227 (0,0,0,5,0,2	
2
227 (0,0,0,5,0,2	
227 (3,0,0,50,0,0	
227 (0,0,0,5,0,4	
227 (0,0,0,5,0,2	
)
227 (0,0,0,5,0,2	
227 (0,0,0,5,0,2	
227 (0,0,0,5,0,2	
227 (0,0,0,5,0,2	
227 (0,0,0,5,0,2	
227 (0,0,0,5,0,2	
227 (0,0,0,5,0,2	
227 (0,0,0,214748363,0,2	
227 (0,0,0,5,0,2	
227 (0,0,0,5,0,2	
227 (0,0,0,5,0,2	
227 (0,0,0,5,0,2	
227 (0,0,0,5,0,2	
227 (0,0,0,5,0,2	
227 (0,0,0,5,0,2	
227 (0,0,0,5,0,2	
227 (0,0,0,5,0,2	
25,0,2	
227 (0,0,0,5,0,2	
227 (0,0,0,5,0,2	
227 (0,0,0,5,0,2	
227 (0,0,0,5,0,2	
227 (0,0,0
227 (0,0,0,5,0,2	
227 (0,0,0,5,0,2	
227 (0,0,0,5,0,2	
227 (0,0,0,5,0,2	
227 (0,0,0,5,0,2	
227 (0,0,0,5,0,2	
227 (0,0,0,5,0,2	
227 (0,0,0,5,0,2	
227 (0,0,0,5,0,2	
227 (0,0,0,5,0,2	
227 (0,0,0,5,0,2	
227 (0,0,0,5,0,2	
227 (0,0,0,5,0,2	
227 (0,0,0,5,0,2	
227 (0,0,0,5,0,2	
227 (0,0,0,5,0,2	
227 (0,0,0,5,0,2	
227 (0,0,0,5,0,2	
227 (0,0,0,5,0,2	
227 (0,0,0,5,0,2	
227 (0,0,0,5,0,2	
227 (0,0,0,5,0,2	
227 (0,0,0,5,0,2	
227 (0,0,0,5,0,2	
227 (0,0,0,5,0,2	
227 (0,0,0,5,0,2	
227 (0,0,0,5,0,2	
227 (0,0,0,5,0,2	
227 (0,0,0,5,0,2	
227 (0,0,0,5,0,2	
2
227 (0,0,0,5,0,2	
227 (0,0,0,5,0,2	
227 (0,0,0,5,0,2	
227 (0,0,0,5,0,2	
227 (0,4001279,0,5,0,2	
227 (0,0,0,5,0,2	
227 (0,0,0,5,0,2	
227 (0,0,0,5,0,2	
227 (0,0,0,5,0,2	
227 (0,0,0,5,0,2	
227 (0,0,0,5,0,2	
227 (0,0,0,5,0,2	
227 (0,0,0,5,0,2	
227 (0,0,0,5,0,2	
227 (0,0,0,5,1,2	
227 (0,0,0,5,0,2	
227 (0,0,0,5,0,2	
227 (0,0,0,5,0,2	
227 027 (0,0,0,5,0,2	
227 (0,0,0,5,0,2	
227 (0,0,0,5,0,2	
227 (0,0,0,5,0,2	
227 (0,0,0,5,0,2	
227 (0,0,0,5,0,2	
227 (0,0,0,5,0,2	
227 (0,0,0,5,0,2	
227 (0,0,0,5,0,2	
227 (0,0,0,5,0,2	
227 (0,0,0,5,0,2	
227 (0,0,0,5,0,2	
227 (0,0,0,5,0,2	
227 (0,0,0,5,0,2	
227 (0,0,0,5,0,2	
227 (0,0,0,5,0,2	
227 (0,0,0,5,0,2	
227 (0,0,0,5,0,2	
227 (0,0,0,5,0,2	
227 (0,0,0,5,0,2	
227 (0,0,0,5,0,2	
227 (0,0,0,5,0,2	
227 (0,0,0,5,0,2	
227 (0,0,0,5,0,2	
227 (0,4001279,0,5,0,2	
227 (0,0,0,5,0,2	
227 (0,0,0,5,0,2	
227 (0,0,0,5,0,2	
227 (0,0,0,5,0,2	
227 (0,0,0,5,0,2	
227 (0,0,0,5,0,2	
227 (0,0,0,5,0,2	
227 (0,0,0,5,0,2	
227 (0,0,0,5,0,2	
227 (0,0,0,5,0,2	
227 (0,0,0,5,0,2	
227 (0,0,0,5,0,2	
227 (0,0,0,5,0,2	
227 (0,0,0,5,0,2	
227 (0,0,0,5,0,2	
20,2	
227 (0,0,0,5,0,2	
227 (0,0,0,5,0,2	
227 (0,0,0,5,0,2	
227 (0,0,0,5,0,2	
227 (0,0,0,5,0,2	
227 (0,0,1,5,0,2	
227 (0,0,0,5,0,2	
227 (0,0,0,5,0,2	
227 (3,0,0,5,0,2	

227 (0,0,0,5,0,0	

227 (0,0,0,5,0,2	
227 (0,0,0,5,0,2	

227 (0,0,0,2,0,2	
227 (0,0,0,5,0,2	
