/ypAsv
z227 (0,0,0,5,0,5)
227 (0,58,0,5,0,5)
227 (0,0,0,5,0,5)
227 (0,0,0,6,0,5)
227 (0,0,0,5,0,5)
227 (0,0,0,5,0,5)
227 (0,0,0,5,0,5)
227 (0,0,0,5,0,5)
227 (0,0,0,5,0,5)
227 (0,0,0,5,0,5)
227 (0,0,0,5,0,5)
227 (0,0,0,5,0,6)
227 (0,0,0,5,0,5)
227 (0,0,0,5,0,5)
227 (0,0,0,5,0,5)
227 (1,0,0,5,0,5)
227 (0,0,0,5,0,5)
227 (0,0,0,5,0,5)
227 (0,0,0,5,0,5)
227 (0,0,0,5,0,5)
227 (0,0,0,25,0,5)
227 (0,0,0,5,0,5)
227 (0,0,0,5,0,5)
227 (0,0,0,5,0,5)
227 (0,0,0,5,0,5)
227 (0,0,0,5,0,5)
227 (0,0,0,5,0,5)
227 (0,0,0,5,0,5)
227 (0,0,0,5,0,5)
227 (0,58,0,5,0,5)
227 (0,0,0,5,0,5)
227 (0,0,0,6,0,5)
227 (0,0,0,5,0,5)
227 (0,0,0,5,0,5)
227 (0,0,0,5,0,5)
227 (0,0,0,5,0,5)
227 (0,0,0,5,0,5)
227 (0,0,0,5,0,5)
227 (0,0,0,5,0,5)
227 (0,0,0,5,0,5)
227 (0,0,0,5,0,5)
227 (0,0,0,5,0,5)
227 (0,0,0,5,0,5)
227 (0,0,0,5,0,5)
227 (0,0,0,5,0,5)
227 (0,0,0,5,0,5)
227 (0,0,0,5,0,5)
227 (0,0,0,6,0,5)
227 (0,0,0,5,0,5)
227 (0,0,0,5,0,5)
227 (0,0,0,6,0,5)
227 (0,0,0,5,0,5)
227 (0,0,0,5,0,5)
227 (0,0,0,5,0,5)
227 (0,0,0,5,0,5)
227 (0,0,0,5,0,5)
227 (0,0,0,5,0,5)
227 (0,0,0,5,0,5)
227 (0,0,0,5,0,5)
227 (0,0,0,5,0,5)
227 (0,0,0,5,0,5)
227 (0,0,0,5,0,5)
227 (0,0,0,5,0,5)
227 (0,0,0,5,0,5)
227 (0,0,0,5,0,5)
227 (0,0,0,5,0,5)
227 (0,0,0,5,0,5)
227 (0,0,0,5,0,5)
227 (0,0,0,5,0,5)
227 (0,0,0,5,0,5)

227 (0,0,0,5,0,5)
227 (0,0,0,5,0,5)
227 (0,0,0,5,0,5)
227 (0,0,0,5,0,5)
227 (0,0,0,5,0,5)
227 (0,0,0,5,0,5)
227 (0,0,0,5,0,5)
227 (0,0,0,5,0,5)
227 (0,0,0,5,0,5)
227 (0,0,0,5,0,5)
227 (0,8,0,5,0,5)
227 (0,0,0,5,0,5)
227 (0,0,0,5,0,5)
227 (0,0,0,5,0,5)
227 (0,0,0,5,0,5)
227 (0,0,0,5,0,5)
227 (0,0,0,5,0,5)
227 (0,0,0,5,0,5)
227 (0,0,0,5,0,5)
227 (0,0,0,5,0,5)
227 (0,0,0,5,0,5)
227 (0,0,0,5,0,5)
227 (0,0,0,5,0,5)
227 (0,0,0,5,0,5)
227 (0,0,0,5,0,5)
227 (0,0,0,5,0,5)
227 (0,0,0,5,0,5)
227 (0,0,0,5,0,5)
227 (0,0,0,6,0,5)
227 (0,0,0,5,0,5)
227 (0,0,0,5,0,5)
227 (0,0,0,5,0,5)
227 (0,0,0,5,0,5)
227 (0,0,0,5,0,5)
227 (0,0,0,5,0,5)
227 (0,0,0,5,0,5)
227 (0,0,0,5,0,5)
227 (0,0,0,5,0,5)
227 (0,0,0,5,0,5)
227 (0,0,0,5,0,5)
227 (0,0,0,5,0,5)
227 (0,0,0,5,0,5)
227 (0,0,0,5,0,5)
227 (0,0,0,0,1,5)
227 (0,0,0,5,0,5)
227 (0,0,0,5,0,5)
227 (0,0,0,5,0,5)
227 (0,0,0,5,0,5)
227 (0,0,0,5,0,5)
227 (0,0,0,7,0,5)
227 (0,0,0,5,0,5)
227 (0,0,0,5,0,5)
227 (0,0,0,5,0,5)
227 (0,0,0,5,0,5)

227 (0,0,0,5,0,5)
227 (0,0,0,5,0,5)
227 (0,0,00,0,0,5)
227 (0,1,0,5,0,5)
