
RsvzpAsv
’ z227 (0,9,0,0,300
227 (0,9,0,0,451
227 (0,0,0,0,451
227 (0,0,0,0,451
227 (0,0,0,0,451
227 (0,0,0,0,451
227 (0,0,0,0,451
227 (0,0,0,0,451
227 (0,0,0,2,902
227 (0,9,0,0,405
227 (0,9,0,0,300
227 (0,9,0,0,300
227 (0,9,0,0,451
227 (0,0,0,0,451
227 (0,0,0,0,451
227 (0,0,0,0,451
227 (0,0,0,0,451
227 (0,0,0,0,451
227 (0,0,0,0,451
227 (0,0,0,0,451
227 (0,0,0,0,451
227 (0,0,0,0,451
227 (0,0,0,0,451
227 (0,0,0,0,451
227 (0,0,0,0,451
227 (0,9,0,0,405
227 (0,9,0,0,300
227 (0,9,0,0,300
227 (0,9,0,0,300
227 (0,9,0,0,300
227 (1,0,1,0,411
227 (0,9,0,0,425
