ß
ypAsv
’ z2
227 (1,0,1,5
227 (1,0,1,5
227 (1,0,1,5
227 (1,0,1,5
227 (1,0,1,5
227 (1,0,1,5
227 (1,0,1,5
227 (1,0,1,5
227 (1,0,1,5
227 (1,0,1,2
227 (1,0,1,5
227 (1,0,1,5
227 (1,0,1,5
227 (1,0,1,5
227 (1,0,1,5
227 (1,0,1,5
227 (1,0,1,5
227 (1,0,1,5
227 (1,0,1,5
227 (1,0,1,5
227 (1,0,1,5
227 (1,0,1,5
227 (1,0,1,5
227 (1,0,1,5
227 (1,0,1,5
227 (1,0,1,5
227 (1,0,0,5
227 (1,0,1,5
227 (1,0,1,5
227 (1,0,1,5
227 (1,0,1,5
227 (1,0,1,5
227 (1,0,1,5
227 (1,0,1,5
227 (0,0,1,5
227 (1,0,1,5
227 (0,0,1,5
227 (1,0,1,5
227 (1,0,1,5
227 (1,0,1,5
227 (1,0,1,5
227 (1,0,1,5
227 (1,0,1,2
227 (1,0,1,5
227 (1,0,1,5
227 (1,0,1,5
227 (1,0,1,5
227 (1,0,1,5
227 (1,0,1,5
227 (1,0,1,5
227 (1,0,1,5
227 (1,0,1,5
227 (1,0,1,5
227 (1,0,1,5
227 (1,0,1,5
227 (1,0,1,5
227 (1,0,1,5
227 (1,0,1,5
227 (1,0,1,5
227 (1,0,1,5
227 (1,0,1,5
227 (1,0,1,5
227 (1,0,1,5
227 (1,0,1,5
227 (1,0,1,5
227 (1,0,1,5
227 (1,0,1,5
227 (1,0,1,5
227 (1,0,1,5
227 (1,0,1,5
227 (1,0,1,5
227 (1,0,1,5
227 (1,0,1,5
227 (1,0,1,5
227 (1,0,1,5
227 (1,0,1,5
227 (1,0,1,5
227 (1,0,1,5
227 (1,0,1,5
227 (1,0,1,5
227 (1,0,1,5
227 (1,0,1,5
227 (1,0,1,5
227 (1,0,1,5
227 (1,0,1,5
227 (1,0,1,5
227 (1,0,1,5
227 (1,0,1,5
227 (1,0,1,5
227 (1,0,1,5
227 (1,0,1,5
227 (1,0,1,5
227 (1,0,1,5
227 (1,0,1,5
227 (1,0,1,5
227 (1,0,1,5
227 (1,0,1,5
227 (1,0,2,5
227 (1,0,1,5
227 (1,0,1,5
227 (1,0,1,5
227 (1,0,1,5
227 (1,0,1,5
227 (1,0,1,5
227 (1,0,1,5
227 (1,0,1,5
227 (1,0,1,5
227 (1,0,1,5
227 (1,0,1,5
227 (1,0,1,5
227 (1,0,1,5
227 (1,0,1,5
227 (1,0,1,5
227 (1,0,1,5
227 (0,0,1,5
227 (1,0,1,5
227 (1,0,1,0
227 (1,1,1,5
227 (1,0,1,5
227 (1,0,1,5
227 (1,0,1,5
227 (1,0,21,5
227 (1,0,1,5
227 (1,0,1,5
227 (1,0,1,5
227 (1,1,1,5
227 (1,0,1,5
227 (1,0,1,5
1