
RsvzpAsv
’ z227 (4,1,0,1, 
227 (0,1,0,2, 
227 (0,1,0,7, 
227 (8,1,0,0, 
227 (8,1,0,0, 
227 (8,1,0,0, 
227 (8,1,0,0, 
227 (8,1,0,0, 
227 (8,1,0,0, 
227 (8,1,0,0, 
227 (8,1,0,0, 
227 (8,1,0,2, 0, 
227 (8,1,0,0, 
227 (8,1,0,0, 
227 (8,1,0,0, 
227 (8,1,0,0, 
227 (8,1,0,0, 
227 (8,1,0,0, 
 ( 
227 (8,1,0,0, 
227 (8,1,0,0, 
227 (8,1,0,0, 
227 (8,1,0,0, 
227 (8,1,0,0, 
227 (8,1,0,0, 
227 (8,1,0,0, 
227 (8,1,0,0, 
227 (8,1,0,0, 
227 (8,1,0,0, 
227 (8,1,0,0, 
227 (8,1,0,0, 
227, 
227 (8,1,0,0, 
227 (8,1,0,0, 
227 (8,1,0,0, 
227 (8,1,0,0, 
227 (8,1,0,0, 
227 (6,1,0,0, 
227 (8,1,0,0, 
227 (8,1,0,0, 
227 (8,1,0,0, 
227 (8,1,0,0, 
227 (8,1,0,0, 
227 (8,1,0,0, 
227 (8,1,0,0, 
227 (8,1,0,0, 
227 (8,1,0,0, 
227 (8,1,0,0, 
227 (8,1,0,0, 
227 (8,1,0,0, 
227 (1,1,0,0, 
227 Û†Å¶(8,1,0,0, 
227 (8,1,0,0, 
227 (8,1,0,0, 
227 (8,1,0,0, 
227 (8,1,0,0, 
227 (8,1,0,0, 
227 (8,1,0,0, 
227 (8,1,0,0, 
227 (8,1,0,0, 
8,1,0,0, 
227 (8,1,0,0, 
227 (8,1,0,0, 
227 (8,1,0,0, 
227 (8,1,0,0, 
227 (8,1,0,0, 
227 (8,1,0,0, 
227 (8,1,0,0, 
227 (8,1,0,0, 
227 (8,1,0,0, 
227 (8,1,0,0, 
227 (8,1,0,0, 
227 (8,1,0,0, 
227 (8,1,0,0, 
227 (8,1,0,0, 
227 (8,1,0,0, 
227 (8,1,0,0, 
227 (8,1,0,0, 
227 (8,1,0,0, 
227 (8,1,0,0, 
227 (1,0,0, 
227 (8,1,0,0, 
227 (8,1,0,0, 
227 (6,1,0,0, 
227 (8,1,0,0, 
227 (8,1,0,0, 
227 (8,1,0,0, 
227 (8,1,0,0, 
227 (8,1,0,0, 
227 (8,1,0,0, 
227 (8,1,0,0, 
227 (8,1,0,0, 
227 (8,1,0,0, 
227 (8,1,0,0, 
227 (8,1,0,0, 
227 (8,1,0,0, 
227 (1,1,0,0, 
227 Û†Å¶(8,1,0,0, 
227 (8,1,0,0, 
227 (8,1,0,0, 
227 (8,1,0,0, 
227 (8,1,0,0, 
227 (8,1,0,0, 
227 (8,1,0,0, 
227 (8,1,0,0, 
227 (8,1,0,0, 
8,1,0,0, 
227 (8,1,0,0, 
227 (8,1,0,0, 
227 (8,1,0,0, 
227 (8,1,0,0, 
227 (8,1,0,0, 
227 (8,1,0,0, 
227 (8,1,0,0, 
227 (8,1,0,0, 
227 (8,1,0,0, 
227 (8,1,0,0, 
227 (8,1,0,0, 
227 (8,1,0,0, 
227 (8,1,0,0, 
227 (8,1,0,0, 
227 (8,1,0,0, 
227 (8,1,0,0, 
227 (8,1,0,0, 
227 (8,1,0,0, 
227 (8,1,0,0, 
227 (8,1,0,0, 
227 (0,1,0,0, 
227 (0,1,0,2, 
227 (0,1,0,2, 
227 (0,1,1,0, 
227 (0, 1,0,0, 
227 (0,1,0,72, 
227 (0,1,0,0, 
 
227 (0,0,0,2, 
