‹ß*pAsv
’ z227 (3,0,0,5,0,500005
227 (3,0,1,5,0,500205
227 (3,0,0,5,0,500000
227 (3,0,0,5,0,81646
227 (3,1,0,5,0,500000,,
227 (3,0,0,5,0,500005
227 (3,0,0,5,0,501005)
227 (3,0,0,5,0,500000
227 (3,0,0,5,1,500655)
227 (3,0,0,5,0,500000
227 (3,0,0,5,0,500001,
227 (3,0,0,5,0,500000
227 (3,0,0,5,0,81645)
227 (3,1,0,5,0,500000,
227 (3,0,0,5,0,500005
227 (3,0,0,5,0,501005
227 (3,0,0,5,0,500000
227 (3,0,0,5,1,500655)
227 (3,0,0,5,0,500000
227 (3,0,0,5,0,500001
227 (3,0,0,5,0,500005
227 (3,0,0,5,0,500327
227 (3,0,0,5,0,500000
227 (3,0,0,5,0,86465)
227 (3,1,0,4,0,500000,
227 (3,0,0,5,0,500005
227 (3,0,0,5,0,501005)
227 (3,0,0,5,0,500000
227 (3,0,0,5,1,500655)
227 (3,0,0,5,0,500000
227 (3,0,0,5,0,500655)
227 (3,0,0,5,0,500000
