/,0,pAsv
’ z227 (0,0,0,5,0,2	
227 (0,0,0,5,0,2	
227 (0,0,0,5,0,2	
227 (0,0,0,5,0,2	
227 (0,0,0,5,0,2	
227 (0,0,0,5,0,2	
227 (0,0,0,21,0,2	
227 (0,0,0,5,0,2	
227 (0,0,0,5,0,2	
227 (0,0,0,5,0,2	
227 (0,0,0,5,0,2	
227 (0,0,0,5,0,2	
227 (0,0,0,5,0,2	
227 (0,0,1,5,0,2	
227 (0,0,0,5,0,2	
227 (0,0,0,5,0,2	
227 (0,0,0,5,0,2	
227 (0,0,0,5,0,1	
227 (0,0,0,5,0,2	
227 (0,0,0,5,0,2	
227 (0,0,0,5,0,2	
227 (0,0,0,5,0,2	
227 (0,0,0,5,0,2	
227 (0,0,0,5,0,2	
227 (0,0,0,5,0,2	
227 (0,0,0,5,0,2	
227 (0,0,0,5,0,2	
227 (0,0,0,5,0,2	
227 (0,0,0,5,0,1	
227 (0,0,0,5,0,2	
227 (0,0,0,5,0,0	
227 (0,0,0,5,0,2	
1